


# tab_O0_1a_1
Случайный массив 	 Упорядоченный массив
Размер массива 	 Время 	 Кол-во повторов 	 RSE 	 Время 	 Кол-во повторов 	 RSE
10	0	46	0	0	46	0
510	0.48	46	2.2	0.57	46	2.2
1010	1.9	46	1	2	46	1.1
1510	4.1	46	0.59	4.1	46	0.58
2010	7.2	46	0.36	7.5	46	0.43
2510	11	46	0.2	11	46	0.2
3010	16	46	0.29	17	46	0.37
3510	22	46	0.27	21	46	0.35
4010	27	46	0.36	27	46	0.33
4510	34	46	0.25	34	46	0.32
5010	41	46	0.17	40	46	0.08





# tab_O0_1b_1
Случайный массив 	 Упорядоченный массив
Размер массива 	 Время 	 Кол-во повторов 	 RSE 	 Время 	 Кол-во повторов 	 RSE
10	0	46	0	0	46	0
510	0.48	46	2.2	0.57	46	2.2
1010	1.9	46	1	2.1	46	1.2
1510	4.1	46	0.6	4	46	0.53
2010	7	46	0.62	8.2	46	0.59
2510	11	46	0.42	11	46	0.37
3010	16	46	0.24	16	46	0.36
3510	21	46	0.25	21	46	0.33
4010	27	46	0.32	26	46	0.2
4510	34	46	0.062	34	46	0.18
5010	41	46	0.086	41	46	0.24



# tab_O0_1c_1
Случайный массив 	 Упорядоченный массив
Размер массива 	 Время 	 Кол-во повторов 	 RSE 	 Время 	 Кол-во повторов 	 RSE
10	0	46	0	0	46	0
510	0.37	46	2.2	0.5	46	2.2
1010	1.7	46	0.88	1.7	46	0.87
1510	3.7	46	0.4	3.6	46	0.38
2010	6.1	46	0.39	6.3	46	0.092
2510	9.7	46	0.38	9.9	46	0.43
3010	14	46	0.3	14	46	0.49
3510	18	46	0.17	18	46	0.29
4010	24	46	0.33	25	46	0.34
4510	29	46	0.099	31	46	0.24
5010	35	46	0.061	38	46	0.33


# tab_O2_1a_1
Случайный массив 	 Упорядоченный массив
Размер массива 	 Время 	 Кол-во повторов 	 RSE 	 Время 	 Кол-во повторов 	 RSE
10	0	46	0	0	46	0
510	0.24	46	2.2	0.28	46	2.2
1010	0.57	46	2.2	0.54	46	2.2
1510	1.4	46	0.59	1.5	46	0.73
2010	2.3	46	0.29	2.5	46	0.47
2510	3.7	46	0.99	3.9	46	1.1
3010	4.8	46	0.069	5.5	46	0.59
3510	7	46	0.63	7	46	0.014
4010	10	46	0.66	9.4	46	0.56
4510	11	46	0.42	12	46	0.48
5010	14	46	0.32	14	46	0.34



# tab_O2_1b_1
Случайный массив 	 Упорядоченный массив
Размер массива 	 Время 	 Кол-во повторов 	 RSE 	 Время 	 Кол-во повторов 	 RSE
10	0	46	0	0	46	0
510	0.13	46	2.2	0.22	46	2.2
1010	0.63	46	2.2	0.61	46	2.2
1510	1.3	46	0.57	1.3	46	0.45
2010	2.3	46	0.29	2.4	46	0.38
2510	3.5	46	0.93	3.6	46	0.37
3010	5	46	0.45	5.2	46	0.092
3510	7.1	46	0.29	6.9	46	0.29
4010	9.1	46	0.22	9.9	46	0.19
4510	12	46	0.083	12	46	0.36
5010	14	46	0.095	14	46	0.069



# tab_O2_1c_1
Случайный массив 	 Упорядоченный массив
Размер массива 	 Время 	 Кол-во повторов 	 RSE 	 Время 	 Кол-во повторов 	 RSE
10	0	46	0	0	46	0
510	0.15	46	2.2	0.13	46	2.2
1010	0.48	46	2.2	0.46	46	2.2
1510	1	46	2.2	1.1	46	2.2
2010	1.5	46	0.73	1.7	46	0.9
2510	2.5	46	0.42	2.8	46	0.62
3010	3.7	46	0.99	3.7	46	1
3510	4.9	46	0.39	5.1	46	0.48
4010	6.1	46	0.024	6.3	46	0.47
4510	8.1	46	0.58	8.1	46	0.57
5010	9.4	46	0.33	10	46	0.25




# tab_O2_1a_us_2
Размер массива 	 Время 	 Кол-во повторов 	 RSE 	 ln - ln 
10	0	46	0	0.0 
510	0.28	46	2.2	-0.14 
1010	0.54	46	2.2	-0.014 
1510	1.5	46	0.73	0.09 
2010	2.5	46	0.47	0.15 
2510	3.9	46	1.1	0.19 
3010	5.5	46	0.59	0.23 
3510	7	46	0.014	0.25 
4010	9.4	46	0.56	0.28 
4510	12	46	0.48	0.3 




	Случайный массив	Упорядоченный массив
Размер массива	Время мс	Кол-во повторов	RSE %	Время мс	Кол-во повторов	RSE %
10 	 0 	 2 	 0.00 	 0 	 2 	 0.00 
510 	 0 	 2 	 0.00 	 0 	 2 	 0.00 
1010 	 1 	 2 	 0.00 	 1 	 2 	 0.00 
1510 	 3 	 2 	 0.00 	 3 	 2 	 0.00 
2010 	 6 	 2 	 0.00 	 6 	 2 	 0.00 
2510 	 10 	 2 	 0.00 	 10 	 2 	 0.00 
3010 	 13 	 2 	 0.00 	 13 	 2 	 3.70 
3510 	 19 	 6 	 3.79 	 18 	 2 	 0.00 
4010 	 24 	 2 	 2.04 	 23 	 2 	 0.00 
4510 	 31 	 2 	 3.23 	 30 	 2 	 0.00 
5010 	 40 	 4 	 4.99 	 37 	 2 	 0.00 
5510 	 47 	 4 	 3.69 	 44 	 2 	 1.12 
6010 	 55 	 3 	 1.70 	 53 	 2 	 0.00 
6510 	 62 	 2 	 0.00 	 63 	 2 	 0.00 
7010 	 75 	 3 	 3.43 	 72 	 2 	 0.00 
7510 	 82 	 2 	 0.61 	 83 	 2 	 0.00 
8010 	 95 	 2 	 1.57 	 94 	 2 	 0.53 
8510 	 108 	 2 	 0.93 	 106 	 2 	 0.47 
9010 	 120 	 2 	 0.41 	 120 	 2 	 0.41 
9510 	 134 	 2 	 0.00 	 134 	 2 	 0.00 
10010 	 152 	 2 	 1.97 	 148 	 2 	 0.00 










