5.248000000000001 - -0.002999999999999994
0.25
0.24241766564974054
0.2467821394419211
0.26192022951898153
0.28665874402336194
0.31982449109750216
0.36024427888384214
0.40674491552482195
0.45815320916288166
0.513295967940461
0.571
0.6299730931278387
0.6884469536859177
0.7445342676800772
0.7963477211161578
0.8420000000000001
0.8799013412276941
0.9096521852563295
0.9311505234332452
0.9442943471057805
0.9489816476212748
0.9451104163270668
0.9325786445704962
0.9112843236989021
0.8811254450596234
0.8419999999999996
0.7943075480629411
0.7404539215736442
0.6833465210528765
0.6258927470214057
0.5709999999999993
0.5210231233795164
0.4761067320311831
0.4358428836963168
0.39982363611623495
0.3676410470322552
0.33888717418569503
0.3131540753178718
0.2900338081701031
0.2691184304837066
0.24999999999999967
0.2323281045572349
0.21598245238140507
0.20090028179543784
0.1870188311222611
0.1742753386848025
0.1626070428059899
0.1519511818087511
0.1422449940160139
0.133425717750706
0.1254305913357552
0.11819685309408931
0.11166174134863607
0.10576249442232333
0.10043635063807879
0.09562054831883025
0.09125232578750556
0.0872689213670324
0.08360757338033858
0.08020552015035197
0.07700000000000017
0.07393806268208297
0.07100600366888742
0.0681999298625725
0.06551594816529721
0.06295016547922049
0.06049868870650129
0.05815762474929864
0.055923080509771475
0.05379116289007878
0.05175797879237953
0.04981963511883269
0.047972238771597245
0.04621189665283214
0.04453471566469638
0.0429368027093489
0.04141426468894871
0.039963208505654775
0.038579741061626045
0.037259969259021516
0.03600000000000014
0.034796269714433815
0.03364653294304595
0.03254887375427288
0.03150137621655094
0.030502124398316458
0.02954920236800578
0.028640694194055218
0.027774683944901117
0.026949255688979802
0.026162493494727608
0.025412481430580867
0.0246973035649759
0.02401504396634905
0.023363786703136644
0.022741615843775015
0.022146615456700495
0.02157686961034941
0.02103046237315809
0.020505477813562874
0.020000000000000094
0.01951235846018264
0.01904186455892965
0.018588075120336826
0.018150546968499874
0.017728836927514497
0.01732250182147639
0.016931098474481262
0.016554183710624816
0.016191314354002746
0.015842047228710764
0.01550593915884457
0.015182546968499862
0.014871427481772344
0.014572137522757718
0.014284233915551692
0.01400727348424996
0.01374081305294823
0.013484409445742203
0.013237619486727577
0.013000000000000062
0.012746108944836219
0.01250050882123604
0.01226276326438039
0.012032435909450127
0.011809090391626113
0.011592290346089204
0.01138159940802026
0.011176581212600144
0.010976799395009715
0.010781817590429829
0.010591199434041347
0.010404508561025132
0.010221308606562039
0.01004116320583293
0.009863635994018663
0.009688290606300099
0.009514690677858099
0.009342399843873516
0.009170981739527215
0.009000000000000057
